oblig4

m =

     2


U =

    0.0031    0.0031
    0.0031    0.0031


xv =

    0.0031    0.0031
    0.0031    0.0031


diff =

   1.0e-18 *

   -0.8674    0.4337
         0    0.4337

oblig4

m =

     3


U =

    0.0021    0.0029    0.0021
    0.0029    0.0040    0.0029
    0.0021    0.0029    0.0021


xv =

    0.0021    0.0029    0.0021
    0.0029    0.0040    0.0029
    0.0021    0.0029    0.0021


diff =

   1.0e-17 *

   -0.2602   -0.2602   -0.1301
   -0.2602   -0.3469   -0.1735
   -0.0434   -0.1301   -0.0867

oblig4

m =

     4


U =

    0.0015    0.0024    0.0024    0.0015
    0.0024    0.0037    0.0037    0.0024
    0.0024    0.0037    0.0037    0.0024
    0.0015    0.0024    0.0024    0.0015


xv =

    0.0015    0.0024    0.0024    0.0015
    0.0024    0.0037    0.0037    0.0024
    0.0024    0.0037    0.0037    0.0024
    0.0015    0.0024    0.0024    0.0015


diff =

   1.0e-17 *

   -0.0217   -0.0434   -0.0434   -0.0217
         0   -0.0867   -0.0867    0.0867
   -0.0867   -0.1735   -0.0867    0.1301
   -0.0867   -0.1735   -0.0867    0.0217

oblig4

m =

     5


U =

  Columns 1 through 4

    0.0011    0.0019    0.0021    0.0019
    0.0019    0.0031    0.0035    0.0031
    0.0021    0.0035    0.0040    0.0035
    0.0019    0.0031    0.0035    0.0031
    0.0011    0.0019    0.0021    0.0019

  Column 5

    0.0011
    0.0019
    0.0021
    0.0019
    0.0011


xv =

  Columns 1 through 4

    0.0011    0.0019    0.0021    0.0019
    0.0019    0.0031    0.0035    0.0031
    0.0021    0.0035    0.0040    0.0035
    0.0019    0.0031    0.0035    0.0031
    0.0011    0.0019    0.0021    0.0019

  Column 5

    0.0011
    0.0019
    0.0021
    0.0019
    0.0011


diff =

   1.0e-17 *

  Columns 1 through 4

   -0.0651   -0.0651   -0.1301   -0.1301
   -0.1301   -0.2168   -0.2168   -0.3036
   -0.3036   -0.3903   -0.3469   -0.5638
   -0.2385   -0.2602   -0.3469   -0.3903
   -0.0434   -0.0217   -0.0867   -0.0651

  Column 5

   -0.0651
   -0.1518
   -0.2602
   -0.1735
   -0.0217

oblig4

m =

     6


U =

  Columns 1 through 4

    0.0008    0.0015    0.0018    0.0018
    0.0015    0.0026    0.0032    0.0032
    0.0018    0.0032    0.0039    0.0039
    0.0018    0.0032    0.0039    0.0039
    0.0015    0.0026    0.0032    0.0032
    0.0008    0.0015    0.0018    0.0018

  Columns 5 through 6

    0.0015    0.0008
    0.0026    0.0015
    0.0032    0.0018
    0.0032    0.0018
    0.0026    0.0015
    0.0015    0.0008


xv =

  Columns 1 through 4

    0.0008    0.0015    0.0018    0.0018
    0.0015    0.0026    0.0032    0.0032
    0.0018    0.0032    0.0039    0.0039
    0.0018    0.0032    0.0039    0.0039
    0.0015    0.0026    0.0032    0.0032
    0.0008    0.0015    0.0018    0.0018

  Columns 5 through 6

    0.0015    0.0008
    0.0026    0.0015
    0.0032    0.0018
    0.0032    0.0018
    0.0026    0.0015
    0.0015    0.0008


diff =

   1.0e-16 *

  Columns 1 through 4

    0.0694    0.1344    0.1821    0.1865
    0.1258    0.2429    0.3296    0.3383
    0.1496    0.2906    0.4033    0.4163
    0.1540    0.2949    0.3990    0.3990
    0.1236    0.2342    0.3123    0.3209
    0.0661    0.1258    0.1691    0.1800

  Columns 5 through 6

    0.1583    0.0900
    0.2906    0.1691
    0.3686    0.2147
    0.3513    0.2038
    0.2645    0.1540
    0.1475    0.0889

diary off
