m = 3:

Runtime example:

>> oblig4

U =

    0.0021    0.0029    0.0021
    0.0029    0.0040    0.0029
    0.0021    0.0029    0.0021


xv =

    0.0021    0.0029    0.0021
    0.0029    0.0040    0.0029
    0.0021    0.0029    0.0021


diff =

   1.0e-17 *

   -0.2602   -0.2602   -0.1301
   -0.2602   -0.3469   -0.1735
   -0.0434   -0.1301   -0.0867


m = 4:
